29
2.50e11
0.000e00 0.000e00 0.000e00 0.000e00 1.989e30 sun.gif
5.791e10 0.000e00 0.000e00 4.789e04 3.302e23 mercury.gif
1.082e11 0.000e00 0.000e00 3.503e04 4.869e24 venus.gif
1.496e11 0.000e00 0.000e00 2.978e04 5.974e24 earth.gif
2.279e11 0.000e00 0.000e00 2.413e04 6.419e23 mars.gif

1.880e11 0.000e00 0.000e00 2.34e04 1.302e23 pluto.gif
1.881e11 0.000e00 0.000e00 2.34e04 1.302e23 pluto.gif
1.872e11 0.000e00 0.000e00 2.34e04 1.302e23 pluto.gif
1.882e11 0.000e00 0.000e00 2.34e04 1.302e23 pluto.gif
1.883e11 0.000e00 0.000e00 2.34e04 1.302e23 pluto.gif
1.873e11 0.000e00 0.000e00 2.34e04 1.302e23 pluto.gif
1.884e11 0.000e00 0.000e00 2.34e04 1.302e23 pluto.gif
1.885e11 0.000e00 0.000e00 2.34e04 1.302e23 pluto.gif
1.874e11 0.000e00 0.000e00 2.34e04 1.302e23 pluto.gif
1.886e11 0.000e00 0.000e00 2.34e04 1.302e23 pluto.gif
1.887e11 0.000e00 0.000e00 2.34e04 1.302e23 pluto.gif
1.876e11 0.000e00 0.000e00 2.34e04 1.302e23 pluto.gif
1.888e11 0.000e00 0.000e00 2.34e04 1.302e23 pluto.gif
1.889e11 0.000e00 0.000e00 2.34e04 1.302e23 pluto.gif
1.877e11 0.000e00 0.000e00 2.34e04 1.302e23 pluto.gif
1.861e11 0.000e00 0.000e00 2.34e04 1.302e23 pluto.gif
1.862e11 0.000e00 0.000e00 2.34e04 1.302e23 pluto.gif
1.878e11 0.000e00 0.000e00 2.34e04 1.302e23 pluto.gif
1.855e11 0.000e00 0.000e00 2.34e04 1.302e23 pluto.gif
1.856e11 0.000e00 0.000e00 2.34e04 1.302e23 pluto.gif
1.879e11 0.000e00 0.000e00 2.34e04 1.302e23 pluto.gif
1.812e11 0.000e00 0.000e00 2.34e04 1.302e23 pluto.gif
1.833e11 0.000e00 0.000e00 2.34e04 1.302e23 pluto.gif
1.832e11 0.000e00 0.000e00 2.34e04 1.302e23 pluto.gif
1.834e11 0.000e00 0.000e00 2.34e04 1.302e23 pluto.gif
1.899e11 0.000e00 0.000e00 2.34e04 1.302e23 pluto.gif
1.852e11 0.000e00 0.000e00 2.34e04 1.302e23 pluto.gif

Creator of universe: John Son, COS 126, Spring 2004
